H:PROGRM.001000.000029
T:001000.0F.04101D50100F5410122C1020381003544553
T:00101D.03.00000000000B
T:001026.03.000001
E:001000
