H:PROGRM.001000.00103E
T:001000.16.1740000710202753C4108100C57C10092F4FFFFFFEC03410033B200F
T:002019.03.544553
T:002027.09.00000000000103200D
T:002033.03.000001
T:00203B.03.0A5605
M:001004.05
E:001000
